4.830000000000000000e+02 2.150000000000000000e+02
4.910000000000000000e+02 2.150000000000000000e+02
4.990000000000000000e+02 2.150000000000000000e+02
5.100000000000000000e+02 2.140000000000000000e+02
5.180000000000000000e+02 2.110000000000000000e+02
5.240000000000000000e+02 2.060000000000000000e+02
5.360000000000000000e+02 2.040000000000000000e+02
5.440000000000000000e+02 2.030000000000000000e+02
5.510000000000000000e+02 2.030000000000000000e+02
5.590000000000000000e+02 2.030000000000000000e+02
5.670000000000000000e+02 2.030000000000000000e+02
5.730000000000000000e+02 2.080000000000000000e+02
5.730000000000000000e+02 2.150000000000000000e+02
5.730000000000000000e+02 2.230000000000000000e+02
5.790000000000000000e+02 2.280000000000000000e+02
5.790000000000000000e+02 2.350000000000000000e+02
5.790000000000000000e+02 2.430000000000000000e+02
5.790000000000000000e+02 2.530000000000000000e+02
5.790000000000000000e+02 2.610000000000000000e+02
5.790000000000000000e+02 2.680000000000000000e+02
5.720000000000000000e+02 2.710000000000000000e+02
5.650000000000000000e+02 2.710000000000000000e+02
5.580000000000000000e+02 2.710000000000000000e+02
5.480000000000000000e+02 2.750000000000000000e+02
5.400000000000000000e+02 2.780000000000000000e+02
5.320000000000000000e+02 2.830000000000000000e+02
5.250000000000000000e+02 2.860000000000000000e+02
5.170000000000000000e+02 2.860000000000000000e+02
5.100000000000000000e+02 2.870000000000000000e+02
5.020000000000000000e+02 2.870000000000000000e+02
4.950000000000000000e+02 2.870000000000000000e+02
4.880000000000000000e+02 2.870000000000000000e+02
4.780000000000000000e+02 2.870000000000000000e+02
4.710000000000000000e+02 2.870000000000000000e+02
4.670000000000000000e+02 2.810000000000000000e+02
4.660000000000000000e+02 2.730000000000000000e+02
4.660000000000000000e+02 2.660000000000000000e+02
4.660000000000000000e+02 2.580000000000000000e+02
4.700000000000000000e+02 2.520000000000000000e+02
4.770000000000000000e+02 2.510000000000000000e+02
4.850000000000000000e+02 2.510000000000000000e+02
4.920000000000000000e+02 2.500000000000000000e+02
5.000000000000000000e+02 2.500000000000000000e+02
5.010000000000000000e+02 2.430000000000000000e+02
5.010000000000000000e+02 2.360000000000000000e+02
4.970000000000000000e+02 2.300000000000000000e+02
4.900000000000000000e+02 2.300000000000000000e+02
4.830000000000000000e+02 2.300000000000000000e+02
4.770000000000000000e+02 2.260000000000000000e+02
4.770000000000000000e+02 2.180000000000000000e+02
4.850000000000000000e+02 2.170000000000000000e+02
