3.540000000000000000e+02 4.070000000000000000e+02
3.600000000000000000e+02 3.870000000000000000e+02
3.680000000000000000e+02 3.680000000000000000e+02
3.750000000000000000e+02 3.480000000000000000e+02
3.790000000000000000e+02 3.270000000000000000e+02
3.810000000000000000e+02 3.030000000000000000e+02
3.830000000000000000e+02 2.820000000000000000e+02
3.860000000000000000e+02 2.620000000000000000e+02
4.000000000000000000e+02 2.470000000000000000e+02
4.220000000000000000e+02 2.450000000000000000e+02
4.430000000000000000e+02 2.430000000000000000e+02
4.630000000000000000e+02 2.430000000000000000e+02
4.840000000000000000e+02 2.450000000000000000e+02
5.040000000000000000e+02 2.490000000000000000e+02
5.250000000000000000e+02 2.540000000000000000e+02
5.390000000000000000e+02 2.720000000000000000e+02
5.480000000000000000e+02 2.900000000000000000e+02
5.520000000000000000e+02 3.110000000000000000e+02
5.530000000000000000e+02 3.310000000000000000e+02
5.550000000000000000e+02 3.510000000000000000e+02
5.550000000000000000e+02 3.710000000000000000e+02
5.670000000000000000e+02 3.880000000000000000e+02
5.870000000000000000e+02 3.910000000000000000e+02
6.040000000000000000e+02 3.790000000000000000e+02
6.130000000000000000e+02 3.600000000000000000e+02
6.330000000000000000e+02 3.570000000000000000e+02
6.490000000000000000e+02 3.730000000000000000e+02
6.560000000000000000e+02 3.930000000000000000e+02
6.570000000000000000e+02 4.130000000000000000e+02
6.520000000000000000e+02 4.330000000000000000e+02
6.360000000000000000e+02 4.470000000000000000e+02
6.200000000000000000e+02 4.590000000000000000e+02
5.990000000000000000e+02 4.640000000000000000e+02
5.770000000000000000e+02 4.630000000000000000e+02
5.570000000000000000e+02 4.600000000000000000e+02
5.420000000000000000e+02 4.450000000000000000e+02
5.330000000000000000e+02 4.270000000000000000e+02
5.110000000000000000e+02 4.260000000000000000e+02
4.910000000000000000e+02 4.280000000000000000e+02
4.840000000000000000e+02 4.480000000000000000e+02
4.790000000000000000e+02 4.680000000000000000e+02
4.560000000000000000e+02 4.740000000000000000e+02
4.350000000000000000e+02 4.770000000000000000e+02
4.170000000000000000e+02 4.680000000000000000e+02
4.140000000000000000e+02 4.480000000000000000e+02
4.000000000000000000e+02 4.330000000000000000e+02
3.800000000000000000e+02 4.300000000000000000e+02
3.610000000000000000e+02 4.380000000000000000e+02
3.490000000000000000e+02 4.540000000000000000e+02
3.330000000000000000e+02 4.680000000000000000e+02
3.130000000000000000e+02 4.690000000000000000e+02
2.950000000000000000e+02 4.590000000000000000e+02
2.890000000000000000e+02 4.390000000000000000e+02
2.880000000000000000e+02 4.190000000000000000e+02
2.950000000000000000e+02 3.990000000000000000e+02
3.080000000000000000e+02 3.830000000000000000e+02
3.240000000000000000e+02 3.710000000000000000e+02
3.440000000000000000e+02 3.730000000000000000e+02
3.510000000000000000e+02 3.920000000000000000e+02
