3.930000000000000000e+02 2.170000000000000000e+02
4.440000000000000000e+02 2.100000000000000000e+02
4.950000000000000000e+02 2.110000000000000000e+02
5.450000000000000000e+02 2.260000000000000000e+02
5.900000000000000000e+02 2.490000000000000000e+02
6.290000000000000000e+02 2.810000000000000000e+02
6.400000000000000000e+02 3.310000000000000000e+02
6.260000000000000000e+02 3.800000000000000000e+02
5.870000000000000000e+02 4.150000000000000000e+02
5.380000000000000000e+02 4.250000000000000000e+02
4.880000000000000000e+02 4.260000000000000000e+02
4.380000000000000000e+02 4.180000000000000000e+02
3.880000000000000000e+02 4.170000000000000000e+02
3.380000000000000000e+02 4.170000000000000000e+02
3.220000000000000000e+02 4.670000000000000000e+02
3.420000000000000000e+02 5.150000000000000000e+02
3.540000000000000000e+02 5.660000000000000000e+02
3.150000000000000000e+02 6.050000000000000000e+02
2.690000000000000000e+02 6.280000000000000000e+02
2.200000000000000000e+02 6.110000000000000000e+02
1.880000000000000000e+02 5.720000000000000000e+02
1.650000000000000000e+02 5.260000000000000000e+02
1.640000000000000000e+02 4.740000000000000000e+02
1.780000000000000000e+02 4.240000000000000000e+02
2.150000000000000000e+02 3.890000000000000000e+02
2.660000000000000000e+02 3.840000000000000000e+02
3.140000000000000000e+02 3.630000000000000000e+02
3.550000000000000000e+02 3.340000000000000000e+02
3.590000000000000000e+02 2.830000000000000000e+02
3.710000000000000000e+02 2.340000000000000000e+02
4.190000000000000000e+02 2.200000000000000000e+02
